1194996
0,74494
274251
1193840
0,74306
274402
1073497
0,79789
236318
1124560
0,79752
247629
1227869
0,81814
266148
1246000
0,79103
275748
1171377
0,76086
265438
1198954
0,79587
264345
1116972
0,76897
251490
1199371
0,79075
265487
1317759
0,75968
298888
1262408
0,73986
290911
1233942
0,7611
279562
1171293
0,75746
266135
1276586
0,78399
284067
1124253
0,78493
249987
1302071
0,76396
294330
1078744
0,75699
245199
1100505
0,77479
246651
1132225
0,81019
246905
1178776
0,81004
257086
1210347
0,76266
273876
1284097
0,71962
300818
1260657
0,72524
293974
1103668
0,79331
243818
1118017
0,79094
247442
1153166
0,77194
259035
1167975
0,7414
268815
1297065
0,72441
302667
1302764
0,7403
300104
1190332
0,7466
272817
1268200
0,74539
290946
1174705
0,72599
273761
1248627
0,73573
288696
1216006
0,77967
271499
1240292
0,72647
288934
1154598
0,77385
258967
1198537
0,7442
275227
1565676
0,75599
356162
1254302
0,75025
286641
1226765
0,75263
279815
1131876
0,74824
259078
1435563
0,70784
339581
1209008
0,74679
277056
1196837
0,76207
270946
1340342
0,74562
307440
1264112
0,75745
287228
1236950
0,74674
283470
1279705
0,74801
292969
1396667
0,7471
319979
1130130
0,76875
254498
1179700
0,74112
271576
1151781
0,71507
270832
1623067
0,68948
389862
1192630
0,75387
271760
1199191
0,72416
279885
1471502
0,70136
349960
1280049
0,69712
305506
1275976
0,72248
298216
1206538
0,75464
274759
1142095
0,72122
267203
1327285
0,71383
312418
1096650
0,77297
246140
1187756
0,73081
275718
1087800
0,77132
244471
1433060
0,73259
332182
1137348
0,74158
261728
1333540
0,71842
312709
1125152
0,78019
251111
1224621
0,73761
282715
1313359
0,70667
310976
1210057
0,73626
279659
1191417
0,72806
277190
1132499
0,75773
257265
1281285
0,76328
289786
1242743
0,75167
283676
1119353
0,74247
257403
1233508
0,70619
292184
1183870
0,76109
268219
1148593
0,73697
265300
1472249
0,69693
351433
1154819
0,76032
261797
1220607
0,72083
285662
1222620
0,75953
277342
1167863
0,71236
275227
1158265
0,74941
264871
1468677
0,7347
339856
1155086
0,74681
264694
1299562
0,73038
301778
1279467
0,73587
295794
1272244
0,72669
296325
1261850
0,69604
301435
1261249
0,76666
284493
1247160
0,72647
290533
1172515
0,75058
267879
1251496
0,66045
308132
1141216
0,74165
262603
1267007
0,74739
290208
1293001
0,7199
302835
1566823
0,69045
376045
1316574
0,66448
323032
1424188
0,70081
338864
1278380
0,68103
309264
1193511
0,69149
286198
1350495
0,68696
325078
1167288
0,72443
272379
1502718
0,69028
360711
1216843
0,75024
278082
1180029
0,70377
280078
1316293
0,7253
306931
1210043
0,67785
293522
1380761
0,72144
322980
1270226
0,65434
314397
1220245
0,66021
300498
1328612
0,68179
321209
1323707
0,70378
314178
1401385
0,64831
348682
1354924
0,69206
324748
1349275
0,63709
339028
1350280
0,67794
327516
1164965
0,72933
270755
1294424
0,65031
321509
1399788
0,68349
337933
1685595
0,67042
411476
1489571
0,65522
368406
1464781
0,603
379429
1300290
0,66735
318252
1491373
0,62891
377450
1392818
0,67356
339094
1728669
0,64572
431087
1519068
0,66425
372788
1554195
0,57672
412413
1460167
0,58914
383046
1428412
0,62644
362306
1486192
0,62429
377682
1265731
0,70213
300830
1504153
0,6197
383815
1268545
0,67027
309707
1499584
0,62208
381836
1772924
0,64358
442949
1498935
0,56994
400270
1430926
0,6327
360939
2211370
0,62584
561198
1710649
0,59016
448333
1488549
0,58863
390673
1405364
0,58285
370810
1610477
0,58704
423291
1603925
0,60898
413229
1380218
0,55473
373884
1675842
0,49923
479180
1969891
0,54485
538666
1424979
0,5408
391175
1745129
0,54538
476965
1448126
0,57256
385758
1955067
0,55708
528429
1454890
0,57513
386636
1498496
0,59123
392346
1473248
0,55519
398913
1654120
0,5697
441811
1620311
0,50014
462881
1474906
0,55217
400507
1817461
0,52309
507554
1593078
0,55087
433131
1856597
0,53231
513852
1757286
0,5534
476630
1582224
0,5006
451794
1521674
0,569
406702
1510573
0,50354
430070
1799852
0,50403
512178
1442756
0,57257
384326
1848343
0,48632
535424
2047898
0,52695
569761
1662967
0,5316
460580
1613569
0,53383
445933
1790688
0,51449
504315
1511917
0,52393
421879
1886387
0,49583
541226
1960692
0,52432
546896
1650329
0,49865
472161
1723267
0,50429
490259
1810646
0,4933
520819
1711694
0,46525
506662
1738634
0,56444
466679
2074979
0,50609
589265
1896147
0,53349
524198
1777627
0,5378
489396
1826049
0,47705
533981
2059435
0,46699
608499
1780931
0,50912
504236
2236405
0,47086
658148
2181143
0,47276
640636
1745649
0,4772
510391
1821476
0,48413
528813
1658278
0,42449
512494
1827731
0,43938
555909
1792328
0,50068
511745
1633054
0,47659
477771
1971871
0,47744
576396
1673064
0,45621
499908
1917381
0,42455
592528
1677866
0,4318
514480
1728166
0,4305
530641
1907939
0,46131
567067
1522037
0,47564
445723
2075546
0,44652
626519
1950730
0,46314
578679
2146189
0,45413
642676
1869670
0,45236
560913
1759871
0,46393
521636
1582998
0,45486
473668
2126303
0,44809
640776
1668416
0,45724
497984
2101444
0,45174
630859
1584289
0,46233
470374
2197012
0,42765
676677
1677927
0,44444
507608
1890357
0,41297
591590
1977512
0,39002
634823
1838825
0,42058
570706
1854839
0,43827
564818
2397719
0,46816
707590
1914387
0,4044
604786
2534229
0,39856
805803
1870464
0,43911
569070
1813396
0,42908
557659
1816111
0,42731
559566
1853275
0,39573
591147
1996882
0,46991
588238
1835451
0,40618
578706
1852765
0,39846
589189
1813186
0,41885
563803
2024138
0,41196
634156
1926985
0,42432
595645
2175154
0,40092
689823
1871739
0,40451
591237
1859415
0,40867
584659
1657831
0,43339
507469
2045198
0,42241
633496
2249922
0,407
708751
1864789
0,3975
593645
2616938
0,3998
830962
1997381
0,35749
665523
2037214
0,39892
647513
2162563
0,37714
704417
1891803
0,38554
610379
2187584
0,37768
712131
1844271
0,4046
582503
1960581
0,3807
636044
2334529
0,40066
740579
1898842
0,37662
618884
