13263
0,02287
7247
14881
0,02272
8133
13620
0,02249
7448
14816
0,02099
8125
12259
0,02212
6708
13595
0,02278
7430
13672
0,02347
7462
12576
0,02416
6855
14554
0,023
7950
12395
0,02195
6785
14929
0,04156
7876
15921
0,0411
8407
16009
0,0409
8456
13390
0,04141
7066
14538
0,04274
7653
14831
0,04137
7827
14179
0,04094
7489
14051
0,04221
7404
15264
0,04169
8051
15649
0,04192
8250
16722
0,06224
8497
16857
0,06154
8577
15344
0,06239
7795
16805
0,06221
8540
15587
0,06259
7916
15799
0,06077
8049
15747
0,06182
8008
15020
0,06042
7657
14573
0,06251
7402
15991
0,06298
8115
16196
0,0812
7962
16789
0,08411
8212
17055
0,0807
8391
16822
0,08303
8243
16576
0,08432
8105
17755
0,08152
8723
17417
0,0836
8527
16557
0,08216
8125
17330
0,08228
8503
16998
0,08256
8336
17749
0,09985
8454
17455
0,10142
8292
17483
0,10018
8323
17980
0,09977
8565
18110
0,09982
8626
17995
0,0984
8592
17828
0,10032
8485
18060
0,10017
8597
17154
0,10161
8146
16835
0,10236
7985
17991
0,12134
8272
17559
0,12294
8053
17916
0,11856
8275
18320
0,11646
8491
17683
0,12173
8126
18600
0,11848
8592
17868
0,11899
8247
16728
0,12169
7688
18453
0,12101
8489
17100
0,11994
7881
18866
0,138
8449
19436
0,13977
8679
17788
0,13882
7955
18216
0,13978
8135
17619
0,13797
7890
19333
0,14281
8593
18307
0,14115
8158
19159
0,13768
8584
17230
0,14375
7647
19311
0,13723
8658
19758
0,15693
8593
19766
0,15298
8648
20086
0,15768
8726
19894
0,16003
8611
18850
0,15981
8162
19322
0,1558
8418
19963
0,15929
8651
19156
0,1543
8364
19204
0,15303
8402
19078
0,15911
8270
20879
0,17553
8831
18841
0,17198
8011
20601
0,1764
8702
20476
0,17493
8668
19296
0,1775
8137
19595
0,17634
8277
20176
0,17143
8585
20131
0,17318
8544
20393
0,17723
8603
19254
0,1792
8099
20163
0,19194
8325
20804
0,19061
8606
20308
0,1967
8328
21340
0,18697
8875
19918
0,18803
8271
21320
0,18946
8835
19842
0,19467
8161
21233
0,19462
8733
19807
0,19226
8175
20315
0,19052
8406
21724
0,21138
8725
21661
0,20973
8720
21682
0,21192
8701
21662
0,21268
8684
21814
0,20816
8801
20886
0,20542
8459
21916
0,21291
8783
21930
0,20865
8842
21584
0,21348
8643
21417
0,21095
8607
22476
0,22965
8801
22363
0,23232
8725
21294
0,22787
8358
21941
0,2326
8557
22176
0,22849
8697
21849
0,22496
8611
20963
0,22404
8272
22159
0,22408
8743
21244
0,22473
8375
22132
0,22788
8687
22362
0,25034
8515
23088
0,24493
8855
22785
0,24706
8714
22483
0,24498
8622
22017
0,24861
8403
22835
0,24331
8777
22843
0,24088
8809
22428
0,24738
8574
22772
0,24741
8705
21583
0,24876
8235
23269
0,2574
8778
23489
0,26494
8773
22329
0,26735
8314
23364
0,26673
8706
22822
0,26348
8540
22939
0,25758
8651
23286
0,25907
8765
23400
0,25904
8808
23476
0,26286
8792
23516
0,26066
8833
22979
0,28403
8374
23499
0,27578
8654
23818
0,27236
8810
23983
0,274
8853
23734
0,27703
8727
23803
0,27519
8773
23648
0,28116
8649
23781
0,28129
8696
23794
0,28247
8688
24052
0,28095
8799
24250
0,29619
8702
24403
0,29851
8731
24176
0,29999
8634
24239
0,29807
8677
23924
0,29787
8567
23859
0,29013
8627
24199
0,2964
8681
24567
0,2998
8776
24150
0,28773
8759
23770
0,28947
8602
23405
0,31686
8186
25399
0,319
8860
24850
0,31347
8728
25130
0,31203
8842
24489
0,31307
8605
25029
0,31481
8776
24613
0,31306
8649
25350
0,31869
8847
25294
0,32087
8804
24250
0,31724
8478
25710
0,33041
8846
24733
0,3246
8570
25285
0,3284
8720
25489
0,33354
8737
25527
0,33404
8745
25472
0,32783
8791
24015
0,33288
8238
24962
0,33562
8535
24469
0,3301
8422
24987
0,3371
8528
25962
0,34647
8763
26148
0,34629
8827
25859
0,35164
8675
24697
0,3432
8368
25827
0,3409
8775
26135
0,34322
8855
26130
0,34857
8798
25645
0,34492
8672
25995
0,34526
8786
25668
0,35211
8606
26291
0,35679
8767
26295
0,36647
8670
26548
0,36356
8783
26473
0,36228
8771
26472
0,36538
8740
26683
0,37409
8722
26709
0,36016
8872
26061
0,37249
8534
26238
0,36161
8700
26465
0,36424
8749
26207
0,38327
8477
27356
0,38295
8852
27318
0,3866
8803
26856
0,38144
8705
27017
0,38767
8696
27297
0,38123
8850
26812
0,38069
8698
27166
0,38429
8777
26794
0,36808
8818
27162
0,38543
8765
27430
0,39228
8783
27196
0,40056
8628
27255
0,40098
8643
27725
0,40411
8761
28014
0,40369
8857
27549
0,39949
8750
27035
0,40374
8547
27739
0,4006
8800
27225
0,39748
8667
27562
0,39816
8767
27711
0,41225
8679
27684
0,41145
8678
28369
0,41869
8822
28086
0,41244
8794
27054
0,4058
8533
28425
0,41474
8878
27968
0,40705
8809
28205
0,41798
8778
27748
0,40755
8735
27919
0,41
8766
28508
0,42733
8783
28478
0,42929
8755
28123
0,43168
8624
28538
0,4187
8875
28588
0,43115
8772
28719
0,43409
8784
28311
0,43848
8619
28550
0,42717
8798
28809
0,44
8756
28928
0,42698
8916
