125972
123090
128602
124705
121294
131262
127870
123279
126839
130795
128949
127703
126658
129435
129903
123761
126612
132558
121375
125936
124288
125646
134564
128181
128808
129774
126026
128529
128027
132533
125934
125375
137101
125640
131845
133087
127978
127335
131513
133477
136126
131455
131140
135386
121524
135761
125766
129246
129676
152122
128127
127919
183531
128261
137356
174802
129513
139811
153459
153778
166951
158625
140385
188761
163653
196918
167186
191570
153058
188317
173435
218694
165081
231704
202360
219848
170936
239214
202370
181916
196580
212683
259681
170332
220223
228939
220261
199040
218478
214263
236577
224907
263209
208032
299566
267917
265357
248061
251566
242699
223143
273640
279378
288892
219754
254970
266266
337426
240403
249393
255120
223563
308926
262269
303493
240756
311610
318762
273477
287922
271565
269403
351530
276742
276455
365096
334245
311619
284746
272774
228518
279331
273502
318495
337628
381624
326423
302653
287210
264527
416393
314163
337556
319140
283135
309192
283228
376562
328297
329507
384938
334811
442843
367575
304445
335525
361782
397735
290797
345210
311276
393399
322286
314993
370675
371548
267485
335500
362055
333007
302011
371649
403754
476257
355907
338029
376179
425034
390185
374868
377427
391565
353210
351682
434680
368338
414816
470799
370246
430774
375506
403013
416647
442335
345851
341216
403153
373713
372478
321397
