482290
0,39025
154784
431082
0,40044
136785
442426
0,42333
136903
425997
0,40582
134368
487353
0,33995
165776
399077
0,38594
128701
463325
0,367
152685
498268
0,43221
152715
436882
0,43561
133414
467229
0,36615
154123
440854
0,48174
128301
523501
0,46423
155120
500055
0,44095
151839
581936
0,41797
181125
621246
0,46795
183375
484702
0,453
145316
555002
0,4292
170654
441810
0,49965
126275
541887
0,49976
154861
469090
0,42842
144358
525698
0,49069
151611
468696
0,53619
129235
534029
0,52126
149402
515116
0,51504
144995
505628
0,48173
147153
619488
0,49741
177455
644688
0,46718
190448
549824
0,52982
152544
509960
0,5213
142664
563026
0,51698
158179
898180
0,48376
260860
558632
0,56965
149216
578453
0,54786
157724
551691
0,57842
146163
653451
0,52378
182362
596637
0,53426
164820
767296
0,49236
220916
795756
0,47036
234303
627984
0,51547
176690
665618
0,56716
178208
640980
0,53725
176559
576820
0,61462
147858
697035
0,5625
187437
718670
0,61214
184630
649826
0,53322
179694
737078
0,49624
211388
734369
0,58348
193652
595805
0,58215
157306
639830
0,52232
178817
690822
0,55632
186854
801877
0,5495
218302
648100
0,58549
170587
877021
0,57728
232602
668884
0,60089
173595
636772
0,59331
166406
695473
0,64129
174107
694123
0,61487
177886
735259
0,54737
200572
743457
0,61916
189800
728028
0,58069
192476
755646
0,61905
192930
647980
0,67959
156950
761396
0,57606
202164
702141
0,62779
177880
778382
0,56885
208069
791344
0,62421
201118
663987
0,65483
164275
748212
0,60408
193622
744731
0,63842
186909
740716
0,63216
186929
810191
0,62656
205477
886963
0,62981
224302
797773
0,67301
194316
773178
0,63326
194931
797777
0,62231
203095
888268
0,60025
230666
801376
0,61571
205217
855220
0,617
218754
808156
0,67636
196284
800322
0,66119
196921
831453
0,66445
204009
841152
0,67834
203955
929536
0,67588
225858
979875
0,60194
254065
811507
0,70173
192937
769676
0,6943
184130
784100
0,6967
187205
972680
0,60834
250742
844334
0,66369
207305
1044923
0,65551
258371
876877
0,68159
212033
997957
0,70939
235763
1018758
0,66113
250681
908129
0,69681
216797
810281
0,72716
188654
987589
0,68828
237459
932689
0,60668
240795
930689
0,62792
235754
848114
0,69462
202841
963778
0,67114
235126
1017480
0,63925
255175
966731
0,67851
234371
1006862
0,67205
245447
952974
0,66282
234153
1051161
0,70949
248311
912248
0,69758
217640
894715
0,70282
212528
970228
0,71127
228858
976559
0,66319
239871
1148786
0,65522
284122
1005117
0,71127
237086
1186487
0,68771
285419
973632
0,63574
244934
951916
0,72922
221259
1080711
0,72367
252334
1038049
0,74544
238137
1099512
0,69047
263884
1085266
0,69755
258924
1002649
0,66082
246784
964056
0,70043
229455
1151019
0,72755
267902
958930
0,79743
211171
1021053
0,75773
231949
990274
0,74395
227449
988925
0,76588
223204
1049164
0,71878
245951
955938
0,75462
217695
1089148
0,69649
260082
1071578
0,72208
250528
1101072
0,71158
259654
1054939
0,70028
251118
1067867
0,72714
248631
1207071
0,76286
273092
1099635
0,76809
247760
1248959
0,73962
287865
1247662
0,71285
293915
1090354
0,75956
247331
1127373
0,76255
255123
1028432
0,76518
232250
1116001
0,74384
256350
1235957
0,72119
289169
1162097
0,72447
271160
1054045
0,74713
241478
1095513
0,76555
247326
1080951
0,7634
244454
1345381
0,73589
311026
1182193
0,72687
275309
1342916
0,71804
315005
1182290
0,77602
264726
1325615
0,7121
312472
1262259
0,80108
277189
1282700
0,73773
296096
1164824
0,72674
271294
1323924
0,72967
307613
1309976
0,74935
299579
1447951
0,70499
343321
1274927
0,73831
294163
1123529
0,72177
262741
1299154
0,77869
290287
1217001
0,69415
291182
1004760
0,80422
220111
1067653
0,77904
238493
1135321
0,78793
251859
1103875
0,77694
246991
1130211
0,79019
250286
1064432
0,78795
236129
1236176
0,76864
278403
1094624
0,77786
244744
1101114
0,79002
243874
1081479
0,79067
239405
1165846
0,76494
263332
1177445
0,78787
261216
1094134
0,8235
236198
1210330
0,77693
270813
1150312
0,81279
250352
1207556
0,74605
276887
1117264
0,76114
253118
1147308
0,8056
251074
1106936
0,8207
239470
1126313
0,79024
249414
1323410
0,79027
293052
1277256
0,80213
280255
1237105
0,76129
280235
1533780
0,75574
348975
1108711
0,79244
245098
1239809
0,80268
271924
1294605
0,81566
281142
1207095
0,80813
263647
1231268
0,81801
266910
1341368
0,72428
313038
1293816
0,78102
288569
1216796
0,82925
261542
1229348
0,75315
280287
1192541
0,81316
259469
1272392
0,78087
283823
1185371
0,83155
254347
1235769
0,79526
272591
1195262
0,80943
260803
1143450
0,77636
255963
1176086
0,80315
257856
1181888
0,83025
253848
1304377
0,76662
294230
1281437
0,78608
284682
1185684
0,84274
252294
1228578
0,82176
265571
1153780
0,85577
243147
1367248
0,7648
308857
1194593
0,81397
259756
1432841
0,80752
313098
1144616
0,84471
243200
1216397
0,81655
263979
1409667
0,82723
303461
1294464
0,81944
280306
1229287
0,79563
271085
1415751
0,8283
304524
1311393
0,81468
285000
1238129
0,81134
269762
1230237
0,7791
274798
1309740
0,81349
284898
1199132
0,82769
258049
1291818
0,84557
274300
1253471
0,83484
268298
1312894
0,84198
279521
1472782
0,80967
321298
1393223
0,7941
307598
1307716
0,82069
282908
1356299
0,83474
290329
1247429
0,81561
270907
1274347
0,8301
273737
1258999
0,82131
272240
1310320
0,84983
277350
1515767
0,82767
326192
1462336
0,81426
317904
1375427
0,78823
305053
1355160
0,81792
293786
1449137
0,85918
304624
1340730
0,82645
288790
1444757
0,79804
318008
1299165
0,79889
285775
1435977
0,84233
305646
1451836
0,83044
311784
1554559
0,85757
327172
1428232
0,82334
308359
1487250
0,82996
319505
1349006
0,81135
293918
1590475
0,81653
345165
1599323
0,82161
345751
1452861
0,81572
315496
1497353
0,78798
332159
1580956
0,77156
355234
