2
50.0
508.9
508.9
2187.72
2187.72
2053.63
2053.63
1832.23
1832.23
1523.83
1523.83
1299.5
1299.5
986.14
986.14
761.11
761.11
571.32
571.32
573.25
573.25
509.07
509.07
100.0
518.28
518.28
1354.9
1354.9
1228.07
1228.07
1138.01
1138.01
924.99
924.99
825.99
825.99
632.83
632.83
547.27
547.27
613.5
613.5
697.03
697.03
510.08
510.08
150.0
521.68
521.68
1069.18
1069.18
954.55
954.55
859.97
859.97
722.7
722.7
602.45
602.45
530.82
530.82
638.04
638.04
721.53
721.53
807.4
807.4
509.45
509.45
200.0
537.08
537.08
950.7
950.7
849.43
849.43
753.48
753.48
643.4
643.4
550.66
550.66
630.64
630.64
732.26
732.26
811.65
811.65
917.6
917.6
509.48
509.48
250.0
546.21
546.21
878.29
878.29
792.26
792.26
694.35
694.35
586.94
586.94
596.02
596.02
685.64
685.64
834.92
834.92
925.38
925.38
1019.06
1019.06
509.45
509.45
300.0
558.47
558.47
812.24
812.24
750.48
750.48
668.04
668.04
549.75
549.75
655.45
655.45
811.51
811.51
912.27
912.27
997.52
997.52
1109.14
1109.14
510.15
510.15
350.0
571.45
571.45
797.02
797.02
706.38
706.38
631.92
631.92
588.46
588.46
748.6
748.6
892.96
892.96
989.01
989.01
1111.56
1111.56
1181.21
1181.21
509.49
509.49
400.0
574.25
574.25
763.75
763.75
706.75
706.75
710.85
710.85
670.41
670.41
818.53
818.53
928.89
928.89
1077.13
1077.13
1231.05
1231.05
1295.42
1295.42
510.02
510.02
450.0
596.9
596.9
763.83
763.83
685.73
685.73
611.23
611.23
679.37
679.37
891.7
891.7
1023.11
1023.11
1170.75
1170.75
1323.93
1323.93
1392.28
1392.28
509.8
509.8
500.0
596.85
596.85
743.57
743.57
750.13
750.13
915.85
915.85
748.5
748.5
925.03
925.03
1053.4
1053.4
1215.98
1215.98
1369.88
1369.88
1486.32
1486.32
509.03
509.03
550.0
609.71
609.71
742.99
742.99
870.72
870.72
724.16
724.16
774.98
774.98
992.65
992.65
1209.97
1209.97
1339.44
1339.44
1490.87
1490.87
1555.34
1555.34
509.85
509.85
600.0
600.06
600.06
841.84
841.84
871.84
871.84
761.63
761.63
858.74
858.74
1045.58
1045.58
1218.09
1218.09
1350.75
1350.75
1518.61
1518.61
1561.36
1561.36
510.1
510.1
