2
50.0
249.7
249.7
1181.7
1181.7
1214.77
1214.77
1230.81
1230.81
1230.44
1230.44
1233.87
1233.87
1228.79
1228.79
1234.31
1234.31
1232.44
1232.44
1223.01
1223.01
994.32
994.32
100.0
499.4
499.4
1433.17
1433.17
1472.32
1472.32
1470.92
1470.92
1469.18
1469.18
1480.64
1480.64
1482.98
1482.98
1481.41
1481.41
1473.06
1473.06
1453.81
1453.81
993.13
993.13
150.0
749.05
749.05
1673.69
1673.69
1722.85
1722.85
1716.34
1716.34
1726.02
1726.02
1725.61
1725.61
1733.95
1733.95
1713.63
1713.63
1715.96
1715.96
1674.35
1674.35
994.32
994.32
200.0
998.75
998.75
1926.93
1926.93
1970.57
1970.57
1976.04
1976.04
1968.5
1968.5
1981.05
1981.05
1973.28
1973.28
1958.56
1958.56
1953.98
1953.98
1912.77
1912.77
993.0
993.0
250.0
1248.45
1248.45
2179.33
2179.33
2215.85
2215.85
2226.86
2226.86
2230.07
2230.07
2233.23
2233.23
2220.98
2220.98
2222.3
2222.3
2195.4
2195.4
2151.52
2151.52
994.06
994.06
300.0
1498.13
1498.13
2434.4
2434.4
2451.81
2451.81
2478.8
2478.8
2468.07
2468.07
2479.02
2479.02
2465.8
2465.8
2469.5
2469.5
2447.29
2447.29
2353.42
2353.42
994.11
994.11
350.0
1747.8
1747.8
2670.31
2670.31
2707.78
2707.78
2728.06
2728.06
2715.26
2715.26
2731.83
2731.83
2681.99
2681.99
2696.8
2696.8
2687.58
2687.58
2617.59
2617.59
994.0
994.0
400.0
1997.5
1997.5
2920.54
2920.54
2945.15
2945.15
2968.6
2968.6
2973.64
2973.64
2963.77
2963.77
2969.36
2969.36
2968.33
2968.33
2930.53
2930.53
2831.49
2831.49
993.34
993.34
450.0
2247.2
2247.2
3167.77
3167.77
3197.05
3197.05
3222.52
3222.52
3217.21
3217.21
3214.24
3214.24
3219.58
3219.58
3217.27
3217.27
3180.36
3180.36
3098.63
3098.63
993.43
993.43
500.0
2496.89
2496.89
3419.6
3419.6
3470.83
3470.83
3474.05
3474.05
3466.46
3466.46
3447.87
3447.87
3472.75
3472.75
3438.3
3438.3
3426.82
3426.82
3292.31
3292.31
992.87
992.87
