9901
0,97326
9601
10157
0,97679
9825
10484
0,97435
10158
10069
0,98233
9704
10390
0,97833
10041
10059
0,97022
9774
9897
0,96376
9660
10060
0,96745
9793
9696
0,97006
9423
9921
0,97015
9641
10417
0,96599
10152
10076
0,96717
9811
9978
0,94833
9842
10260
0,96913
9976
10261
0,94862
10119
10321
0,96734
10049
10532
0,96659
10259
10654
0,96418
10394
10331
0,97083
10035
10343
0,96315
10099
11948
0,93069
11930
12051
0,93755
11976
11988
0,93947
11897
11934
0,92945
11927
11810
0,93971
11719
14493
0,89028
14892
14571
0,88195
15062
14297
0,87457
14859
14496
0,90072
14784
14528
0,87793
15062
16092
0,81186
17524
15943
0,81153
17366
16021
0,82313
17298
16406
0,81242
17858
16289
0,81549
17689
18205
0,77748
20358
17866
0,74939
20428
18018
0,76932
20278
18353
0,78262
20442
18135
0,77162
20374
19330
0,68102
23381
19366
0,67914
23462
19467
0,6853
23462
20237
0,7322
23462
19436
0,69802
23177
20413
0,61385
26181
20765
0,63842
26057
20292
0,6038
26262
21004
0,64776
26143
21140
0,64996
26262
20982
0,55474
28418
21764
0,57753
28854
21826
0,57289
29061
21852
0,57415
29062
21594
0,56148
29062
22676
0,51669
31862
22942
0,5476
31285
22274
0,49867
31862
22739
0,52757
31613
22754
0,52019
31862
23359
0,47506
34223
24164
0,499
34555
24058
0,50283
34272
23652
0,47802
34548
23124
0,46771
34136
25035
0,46377
37109
24599
0,4423
37293
24907
0,45265
37350
24630
0,44299
37313
24923
0,45618
37237
25620
0,41454
40020
25364
0,40415
40076
25424
0,40209
40262
25351
0,40023
40230
25742
0,41665
40119
26103
0,37282
42724
26163
0,37306
42810
26956
0,39976
42799
26672
0,3908
42775
26623
0,38333
43056
27294
0,3502
45862
27699
0,37019
45473
27679
0,36219
45862
27497
0,35652
45862
27436
0,35462
45862
28663
0,34549
48431
28607
0,34424
48407
28506
0,34219
48354
28463
0,3356
48662
28316
0,33302
48560
29358
0,31694
51339
29584
0,32435
51269
29967
0,3408
50916
29797
0,32952
51315
29748
0,33044
51174
30480
0,30593
54029
30712
0,30956
54196
30666
0,30736
54262
30572
0,30946
53955
30106
0,29904
53826
