1444
0,72265
1687
1272
0,72298
1486
1401
0,73777
1617
1298
0,71559
1526
1456
0,71814
1707
1669
0,77209
1874
1599
0,76466
1806
1450
0,76137
1642
1585
0,77782
1772
1600
0,76513
1807
1763
0,81631
1913
1831
0,78762
2031
1685
0,79458
1860
1870
0,80276
2051
1839
0,79546
2028
2074
0,82131
2242
2162
0,83218
2318
2051
0,81265
2232
2022
0,84476
2149
2071
0,80527
2267
2085
0,85163
2204
2406
0,83806
2569
2233
0,85272
2358
2277
0,84647
2416
2371
0,82675
2553
2541
0,84267
2703
2528
0,85101
2673
2613
0,86222
2740
2656
0,85465
2801
2700
0,84386
2870
2910
0,87623
3021
2808
0,88207
2902
3065
0,88732
3156
2704
0,87813
2803
2672
0,87787
2771
2934
0,88299
3031
3361
0,90384
3421
3154
0,88794
3246
3213
0,89987
3279
3243
0,90586
3295
3366
0,9216
3383
3262
0,91981
3282
3158
0,92249
3172
3463
0,90397
3523
3291
0,90751
3340
3703
0,91938
3727
3561
0,91008
3608
3617
0,91636
3648
3425
0,90981
3471
3621
0,9231
3635
