15447
14666
24946
18185
30917
30564
35463
31760
33518
33938
34099
32879
30608
41280
37246
41390
48177
49769
46535
49614
58843
47294
55491
58394
60553
56344
52996
60732
63846
65810
65855
74263
76753
78886
70470
74278
82066
78136
75132
105625
92953
82453
88979
88690
83948
91118
95344
103772
87402
101493
104778
101300
99578
106664
100347
109002
109784
119922
125481
111864
116134
112993
120156
112884
122931
125238
120981
139079
128471
135692
127687
133299
130235
138847
155064
145427
144985
140084
149945
153605
143186
153332
149218
153231
155197
152144
156540
158053
158645
160713
165486
165843
160560
157070
172695
171310
174947
178768
180958
172186
