146585
144644
138110
154475
145216
147811
146596
145832
139103
142694
143704
144890
145870
151004
144573
144515
144867
153198
138394
138186
154220
151487
147318
143811
142822
146449
161969
147887
148725
147280
139883
138210
151232
145597
145315
141505
146838
152214
134822
137718
141311
154065
157444
149288
166341
147357
147390
140082
153529
139945
155631
142839
131922
148454
145254
139835
159623
151484
145470
147675
159627
141584
160391
150760
143469
144314
146377
138744
152961
142113
141372
140186
171071
138241
149692
148947
146693
159217
151185
144596
164274
154204
143306
140448
150333
141961
179820
158881
147648
143699
157790
149032
153912
151208
140140
146446
166153
143517
150530
147804
146975
173449
149207
152862
146029
145676
158481
151070
165137
143760
159128
192528
187904
168308
175972
154433
184326
177868
156667
151834
148519
168311
166461
162309
169132
163769
153689
169883
183386
229812
250537
168942
165538
257879
199586
145677
189893
215877
174268
239564
167070
202268
161818
187359
184273
205309
179923
191737
165446
161497
203237
227713
204868
191867
246162
202070
198589
219120
236509
186747
242898
214796
200234
249531
230930
180970
202952
189364
229111
234383
228287
236023
215646
301914
189087
211808
215825
249918
230081
193785
193170
223437
192999
203551
237045
250890
247581
237578
201542
211066
299724
292190
220302
243210
236092
192320
229621
246266
273468
246798
